crossCov_mean: 469.7046199999999
crossCov_std: 35.367315943051146
