autoCovInverse_mean: 64.406648
autoCovInverse_std: 8.152641480728562
